mean: 0.9224057369138402
std: 1.5605590864042451
